base                 : ui_hud_e7_v116_direct_stateless_renderer_patch_only.zip
syllables drawable   : 622
reachable-but-blank  : 149 index slots
unidentified bitmaps : 2130

corpus               : script_translated_full.csv
distinct syllables   : 641
already drawable     : 562
MISSING              : 79

missing syllables (by frequency):
  앗  x30
  빛  x25
  페  x25
  료  x22
  견  x17
  땅  x17
  듣  x16
  볼  x16
  잊  x16
  톨  x16
  놓  x15
  낙  x12
  딘  x12
  찬  x12
  통  x12
  빠  x11
  액  x11
  턴  x11
  급  x10
  란  x10
  므  x9
  혀  x9
  횟  x9
  낳  x8
  냈  x8
  쁜  x8
  햣  x8
  훗  x8
  겸  x7
  깐  x7
  등  x7
  셈  x7
  쨌  x7
  캐  x7
  근  x6
  죄  x6
  칭  x6
  권  x5
  릭  x5
  백  x5
  쁘  x5
  슷  x5
  재  x5
  쩌  x5
  착  x5
  철  x5
  청  x5
  콜  x5
  혜  x5
  힌  x5
  떨  x4
  취  x4
  교  x3
  껴  x3
  끔  x3
  럽  x3
  릿  x3
  맙  x3
  썩  x3
  즉  x3
  값  x2
  겼  x2
  긋  x2
  꾀  x2
  듯  x2
  랜  x2
  엑  x2
  엽  x2
  옮  x2
  존  x2
  챔  x2
  탐  x2
  탱  x2
  흘  x2
  끓  x1
  덤  x1
  맵  x1
  앙  x1
  큭  x1

drawable syllables:
  가각간갈감갑갔강같갚개갯거걱건걷걸검겁것게겐겠겨격결경계고곤곧골곳공과관괄광괜괴굉구국군굴궤귀규그극글금기긴길깁까깨꺄꺼껍껏껐께꼬꼭꽃꾸꿔뀌뀝끄끈끊끌끝끼나난날남낫났내낼냉냐너넌널넘넣네녀년녔노놀놈뇌뇨누눈눌느는늘능늪니닌닐님닙다단닫달담답닷당대더덕던덮데덴델도독돌돕동돼됐되된될됩두둔둘뒤드득든들듦듬듭디따딸때떠떡떤떻또뛰뛴뛸뜨뜻띄띠라락람랑래랙랩량러런럼렇레렉렌렘렛려력련렬렴렸령례로록론롭뢰루룬류률륭르른를름리린릴림립링마막만많말망맞맡매맨머먹먼멋메멘며면멸명모목몬몰몸못무묵문물뭐뭔뭘미민믿밀바박밖반받발밤방배뱀버번벌범법벗베벨벽변별병보복본봉봐봤뵙부북분불붕붙뷰브블비빌빙빨빼뿍뿐뿔사산살삼상샅새샘생샤샬서석섞선설섬섯성세센셋셔션셨소속손솟송쇠수순술숨숲쉬쉽슈스슨슬습승시식신실싫심십싱싶싸쌓써썬썼쓰쓴쓸씀씨씬아악안않알암압았앞애앵야약양어억언얻얼얽엄업없엇었에엔엘여역연열염였영옆예옛오옥온올옷와왔왕왜외요욕용우운울움워원월웠웬위윈유율으은을음응의이익인일읽잃임입잇있잎자작잔잖잘잠잡장쟁저적전절점접정제젠젤져졌조족좀좋죠주죽준줄중줘줬즌즐즘증지직진질짊집짓짜째쪽쭐쯤찌찍차찮참창찾책처척천첩체쳐쳤초촌최추축출춰츠층치친칠침카칸커컬케켈켜코콘쿠크큰클큼키킨킬타탁탄탈탑태택터털텀텅테텐텔템토톤톰퇴투트특튼틀티파판팔팡패팬퍼펀편평폐포폭폴표푼풀품풍프플피핀필하한할함합항해했행향허험헤현형호혼화확환활황회획효후훌훨휩휴흑흡흥흩희히힐힘

indices holding a bitmap that is not a Hangul syllable render:
  1, 2, 3, 4, 5, 6, 7, 8, 9, 10, 11, 12, 13, 14, 15, 16, 17, 18, 19, 20, 21, 22, 23, 24, 25, 26, 27, 28, 29, 30, 31, 32, 33, 34, 35, 36, 37, 38, 39, 40, 41, 42, 43, 44, 45, 46, 47, 48, 49, 50, 51, 52, 53, 54, 55, 56, 57, 58, 60, 61, 62, 64, 65, 66, 68, 69, 70, 71, 72, 73, 74, 75, 76, 77, 78, 79, 80, 81, 82, 83, 84, 85, 86, 87, 88, 89, 90, 91, 92, 93, 94, 95, 96, 97, 98, 99, 107, 154, 220, 221, 222, 223, 224, 225, 226, 227, 228, 229, 230, 231, 232, 233, 234, 235, 236, 237, 238, 239, 240, 241, 242, 243, 244, 245, 246, 247, 248, 249, 250, 251, 252, 253, 254, 255, 256, 257, 258, 259, 260, 261, 262, 263, 264, 265, 266, 267, 268, 269, 270, 271, 272, 273, 274, 275, 276, 277, 278, 279, 280, 281, 282, 283, 284, 285, 286, 287, 288, 290, 291, 292, 293, 294, 295, 296, 297, 298, 299, 300, 301, 302, 303, 304, 305, 306, 307, 309, 310, 311, 312, 313, 314, 315, 316, 317, 318, 319, 320, 321, 322, 323, 324, 325, 326, 327, 328, 329, 330, 331, 332, 333, 334, 335, 336, 337, 338, 339, 340, 341, 342, 343, 344, 345, 346, 347, 348, 349, 350, 351, 352, 353, 354, 355, 356, 357, 358, 359, 360, 361, 362, 363, 364, 365, 366, 367, 368, 369, 370, 371, 372, 373, 374, 375, 376, 377, 378, 379, 380, 381, 382, 383, 384, 385, 386, 387, 388, 389, 390, 391, 392, 393, 394, 395, 396, 397, 398, 399, 400, 401, 402, 403, 404, 405, 406, 407, 408, 409, 410, 411, 412, 413, 414, 415, 416, 417, 418, 419, 420, 421, 422, 423, 424, 425, 427, 428, 429, 430, 431, 432, 433, 434, 435, 436, 437, 438, 439, 440, 441, 442, 443, 444, 445, 446, 447, 448, 449, 450, 451, 452, 453, 454, 455, 456, 457, 458, 459, 460, 461, 462, 463, 464, 465, 466, 467, 468, 469, 470, 471, 472, 473, 475, 476, 477, 478, 479, 480, 481, 482, 483, 484, 485, 486, 487, 488, 489, 490, 491, 492, 493, 494, 495, 496, 497, 498, 499, 500, 502, 503, 504, 505, 506, 507, 508, 509, 510, 511, 512, 513, 514, 515, 516, 517, 518, 519, 520, 521, 522, 523, 524, 525, 527, 528, 529, 530, 531, 532, 533, 535, 536, 537, 538, 539, 540, 541, 542, 543, 544, 545, 546, 547, 548, 549, 550, 551, 552, 553, 554, 555, 556, 557, 558, 559, 561, 562, 563, 564, 566, 567, 568, 569, 570, 571, 572, 573, 574, 575, 576, 577, 578, 579, 580, 581, 582, 583, 584, 585, 586, 587, 588, 589, 590, 591, 592, 593, 594, 595, 596, 597, 598, 599, 601, 602, 604, 605, 606, 608, 609, 610, 611, 612, 613, 614, 615, 616, 617, 618, 619, 620, 621, 623, 624, 625, 626, 627, 628, 629, 631, 632, 633, 634, 635, 636, 638, 639, 640, 641, 642, 643, 644, 645, 646, 647, 648, 649, 650, 651, 653, 654, 655, 656, 658, 660, 661, 662, 663, 664, 665, 667, 668, 669, 670, 671, 672, 685, 689, 696, 720, 723, 727, 768, 788, 803, 826, 840, 841, 842, 843, 844, 845, 846, 847, 848, 849, 850, 851, 857, 884, 924, 925, 926, 927, 932, 933, 934, 935, 952, 953, 955, 956, 989, 992, 1008, 1009, 1010, 1011, 1016, 1017, 1018, 1019, 1055, 1080, 1092, 1093, 1094, 1095, 1096, 1097, 1098, 1099, 1100, 1101, 1102, 1103, 1317, 1338, 1356, 1428, 1429, 1430, 1431, 1432, 1433, 1434, 1435, 1436, 1437, 1438, 1440, 1441, 1442, 1443, 1444, 1445, 1446, 1447, 1448, 1449, 1450, 1451, 1452, 1453, 1454, 1455, 1456, 1457, 1458, 1459, 1460, 1461, 1462, 1463, 1464, 1465, 1466, 1467, 1468, 1469, 1470, 1471, 1472, 1473, 1474, 1475, 1476, 1477, 1478, 1479, 1512, 1513, 1514, 1515, 1516, 1517, 1518, 1519, 1520, 1522, 1523, 1524, 1525, 1526, 1527, 1528, 1529, 1530, 1531, 1532, 1533, 1534, 1535, 1536, 1537, 1538, 1539, 1540, 1541, 1542, 1543, 1544, 1545, 1546, 1547, 1548, 1549, 1550, 1551, 1552, 1553, 1554, 1555, 1556, 1557, 1558, 1559, 1560, 1561, 1562, 1563, 1596, 1600, 1604, 1608, 1612, 1616, 1620, 1624, 1656, 1657, 1658, 1659, 1660, 1661, 1662, 1663, 1664, 1665, 1666, 1667, 1668, 1669, 1670, 1672, 1673, 1674, 1675, 1680, 1684, 1688, 1692, 1696, 1700, 1704, 1708, 1764, 1765, 1766, 1768, 1769, 1770, 1772, 1773, 1774, 1776, 1777, 1778, 1780, 1781, 1782, 1784, 1785, 1786, 1788, 1789, 1790, 1792, 1793, 1794, 1796, 1797, 1798, 1800, 1801, 1802, 1804, 1805, 1806, 1808, 1809, 1810, 1812, 1813, 1814, 1816, 1817, 1818, 1820, 1821, 1822, 1824, 1825, 1826, 1828, 1829, 1830, 1832, 1833, 1834, 1836, 1837, 1838, 1839, 1840, 1841, 1842, 1843, 1844, 1845, 1846, 1847, 1848, 1849, 1850, 1852, 1853, 1854, 1855, 1856, 1857, 1858, 1859, 1860, 1861, 1862, 1863, 1864, 1865, 1866, 1868, 1869, 1870, 1872, 1873, 1874, 1875, 1876, 1877, 1878, 1879, 1880, 1881, 1882, 1883, 1884, 1885, 1886, 1887, 1888, 1889, 1890, 1891, 1892, 1893, 1894, 1895, 1896, 1897, 1898, 1899, 1900, 1901, 1902, 1904, 1905, 1906, 1907, 1908, 1909, 1910, 1911, 1912, 1913, 1914, 1915, 1916, 1917, 1918, 1919, 1920, 1921, 1922, 1923, 1924, 1925, 1926, 1927, 1928, 1929, 1930, 1931, 1932, 1933, 1934, 1936, 1937, 1938, 1939, 1940, 1941, 1942, 1943, 1944, 1945, 1946, 1947, 1948, 1949, 1950, 1952, 1953, 1954, 1955, 1956, 1957, 1958, 1959, 1960, 1961, 1962, 1963, 1964, 1965, 1966, 1967, 1968, 1969, 1970, 1971, 1972, 1973, 1975, 1976, 1977, 1978, 1979, 1980, 1981, 1982, 1983, 1984, 1985, 1986, 1987, 1988, 1989, 1990, 1991, 1992, 1993, 1994, 1995, 1996, 1997, 1998, 1999, 2000, 2001, 2002, 2003, 2005, 2006, 2007, 2008, 2009, 2010, 2011, 2012, 2013, 2014, 2016, 2017, 2018, 2019, 2020, 2021, 2022, 2023, 2024, 2025, 2026, 2027, 2028, 2029, 2030, 2031, 2032, 2033, 2034, 2035, 2036, 2037, 2038, 2039, 2040, 2041, 2042, 2043, 2044, 2045, 2046, 2047, 2048, 2049, 2050, 2051, 2052, 2053, 2054, 2055, 2056, 2057, 2058, 2059, 2060, 2061, 2062, 2063, 2064, 2065, 2066, 2067, 2068, 2069, 2070, 2071, 2072, 2073, 2074, 2075, 2076, 2077, 2078, 2079, 2080, 2081, 2082, 2084, 2085, 2086, 2087, 2088, 2089, 2090, 2091, 2092, 2093, 2094, 2095, 2096, 2097, 2098, 2099, 2100, 2101, 2102, 2103, 2104, 2105, 2106, 2107, 2108, 2109, 2110, 2111, 2112, 2113, 2114, 2115, 2116, 2117, 2118, 2119, 2120, 2121, 2122, 2123, 2124, 2125, 2126, 2127, 2128, 2129, 2130, 2131, 2132, 2133, 2134, 2135, 2136, 2137, 2138, 2139, 2140, 2141, 2142, 2143, 2144, 2145, 2146, 2147, 2148, 2149, 2150, 2151, 2152, 2153, 2154, 2155, 2156, 2157, 2158, 2159, 2160, 2161, 2162, 2163, 2164, 2165, 2166, 2167, 2168, 2169, 2170, 2171, 2172, 2173, 2174, 2175, 2176, 2177, 2178, 2179, 2180, 2181, 2182, 2183, 2184, 2185, 2186, 2187, 2188, 2189, 2190, 2191, 2192, 2193, 2194, 2195, 2196, 2197, 2198, 2199, 2200, 2201, 2202, 2203, 2204, 2205, 2206, 2207, 2208, 2209, 2210, 2211, 2212, 2213, 2214, 2215, 2216, 2217, 2218, 2219, 2220, 2221, 2222, 2223, 2224, 2225, 2226, 2227, 2228, 2229, 2230, 2231, 2232, 2233, 2234, 2235, 2236, 2237, 2238, 2239, 2240, 2241, 2242, 2243, 2244, 2245, 2246, 2247, 2248, 2249, 2250, 2251, 2252, 2253, 2254, 2255, 2256, 2257, 2258, 2260, 2261, 2262, 2263, 2264, 2265, 2266, 2267, 2268, 2269, 2270, 2271, 2272, 2273, 2274, 2275, 2276, 2277, 2278, 2279, 2280, 2281, 2282, 2283, 2284, 2285, 2286, 2287, 2288, 2289, 2290, 2291, 2292, 2293, 2294, 2295, 2296, 2297, 2298, 2299, 2300, 2301, 2302, 2303, 2304, 2305, 2306, 2307, 2308, 2309, 2310, 2311, 2312, 2313, 2314, 2315, 2316, 2317, 2318, 2319, 2320, 2321, 2322, 2323, 2324, 2325, 2326, 2327, 2328, 2329, 2330, 2331, 2332, 2333, 2334, 2335, 2336, 2337, 2338, 2339, 2340, 2341, 2342, 2343, 2344, 2345, 2346, 2347, 2348, 2349, 2350, 2351, 2352, 2353, 2354, 2355, 2356, 2357, 2358, 2359, 2360, 2361, 2362, 2363, 2364, 2365, 2366, 2367, 2368, 2369, 2370, 2371, 2372, 2373, 2374, 2375, 2376, 2377, 2378, 2379, 2380, 2381, 2382, 2383, 2384, 2385, 2386, 2387, 2388, 2389, 2390, 2391, 2392, 2393, 2394, 2395, 2396, 2397, 2398, 2399, 2400, 2401, 2402, 2404, 2405, 2406, 2407, 2408, 2409, 2410, 2411, 2412, 2413, 2414, 2415, 2416, 2417, 2418, 2419, 2420, 2421, 2422, 2423, 2424, 2425, 2426, 2427, 2428, 2429, 2430, 2431, 2432, 2433, 2434, 2435, 2436, 2437, 2438, 2439, 2440, 2441, 2442, 2443, 2444, 2445, 2446, 2447, 2448, 2449, 2450, 2451, 2452, 2453, 2454, 2455, 2456, 2457, 2458, 2459, 2460, 2461, 2462, 2463, 2464, 2465, 2466, 2468, 2469, 2470, 2471, 2472, 2473, 2474, 2475, 2476, 2477, 2478, 2479, 2480, 2481, 2482, 2483, 2484, 2485, 2486, 2487, 2488, 2489, 2490, 2492, 2493, 2494, 2495, 2496, 2497, 2498, 2499, 2500, 2501, 2502, 2503, 2504, 2505, 2506, 2507, 2508, 2509, 2510, 2511, 2512, 2513, 2515, 2516, 2517, 2518, 2519, 2520, 2521, 2522, 2523, 2524, 2525, 2526, 2527, 2528, 2529, 2530, 2531, 2532, 2533, 2534, 2535, 2536, 2537, 2538, 2539, 2540, 2541, 2542, 2543, 2544, 2545, 2546, 2547, 2548, 2549, 2550, 2551, 2552, 2553, 2554, 2555, 2556, 2557, 2558, 2559, 2560, 2561, 2562, 2563, 2564, 2565, 2566, 2567, 2568, 2569, 2570, 2571, 2572, 2573, 2574, 2575, 2576, 2577, 2578, 2579, 2580, 2581, 2582, 2583, 2584, 2585, 2586, 2587, 2588, 2589, 2590, 2591, 2592, 2593, 2594, 2595, 2596, 2597, 2598, 2599, 2600, 2601, 2602, 2603, 2604, 2605, 2606, 2607, 2608, 2609, 2610, 2611, 2612, 2613, 2614, 2615, 2616, 2617, 2618, 2619, 2620, 2621, 2622, 2623, 2624, 2625, 2626, 2627, 2628, 2629, 2630, 2631, 2632, 2633, 2634, 2635, 2636, 2637, 2638, 2639, 2640, 2641, 2642, 2643, 2644, 2645, 2646, 2647, 2648, 2649, 2650, 2651, 2652, 2653, 2654, 2655, 2656, 2657, 2658, 2659, 2660, 2661, 2662, 2663, 2664, 2665, 2666, 2667, 2668, 2669, 2670, 2671, 2672, 2673, 2674, 2675, 2676, 2677, 2678, 2679, 2680, 2681, 2682, 2683, 2688, 2689, 2690, 2691, 2692, 2693, 2694, 2695, 2696, 2697, 2698, 2699, 2700, 2701, 2702, 2703, 2704, 2705, 2706, 2707, 2708, 2709, 2710, 2711, 2712, 2713, 2714, 2715, 2716, 2717, 2718, 2719, 2720, 2721, 2722, 2723, 2724, 2725, 2726, 2727, 2728, 2729, 2730, 2731, 2732, 2733, 2734, 2735, 2736, 2737, 2738, 2739, 2740, 2741, 2742, 2743, 2744, 2745, 2746, 2747, 2748, 2749, 2750, 2751, 2752, 2753, 2754, 2755, 2756, 2757, 2758, 2759, 2760, 2761, 2762, 2763, 2764, 2765, 2766, 2767, 2772, 2773, 2774, 2775, 2776, 2777, 2778, 2779, 2780, 2781, 2782, 2783, 2784, 2785, 2786, 2787, 2788, 2789, 2790, 2791, 2792, 2793, 2794, 2795, 2796, 2797, 2798, 2799, 2800, 2801, 2802, 2803, 2804, 2805, 2806, 2807, 2808, 2809, 2810, 2811, 2812, 2813, 2814, 2815, 2816, 2817, 2818, 2819, 2820, 2821, 2822, 2823, 2824, 2825, 2826, 2827, 2828, 2829, 2830, 2831, 2832, 2833, 2834, 2835, 2836, 2837, 2838, 2839, 2840, 2841, 2842, 2843, 2844, 2845, 2846, 2847, 2848, 2849, 2850, 2851, 2856, 2857, 2858, 2859, 2860, 2861, 2862, 2863, 2864, 2865, 2866, 2867, 2868, 2869, 2870, 2871, 2872, 2873, 2874, 2875, 2876, 2877, 2878, 2879, 2880, 2881, 2882, 2883, 2884, 2885, 2886, 2887, 2888, 2889, 2890, 2891, 2892, 2893, 2894, 2895, 2896, 2897, 2898, 2899, 2900, 2901, 2902, 2903, 2904, 2905, 2906, 2907, 2908, 2909, 2910, 2911, 2912, 2913, 2914, 2915, 2916, 2917, 2918, 2919, 2920, 2921, 2922, 2923, 2924, 2925, 2926, 2927, 2928, 2929, 2930, 2931, 2932, 2933, 2934, 2935, 2936, 2937, 2938, 2939, 2940, 2941, 2942, 2943, 2944, 2945, 2946, 2947, 2948, 2949, 2950, 2951, 2952, 2953, 2954, 2955, 2956, 2957, 2958, 2959, 2960, 2961, 2962, 2963, 2964, 2965, 2966, 2967, 2968, 2969, 2970, 2971, 2972, 2973, 2974, 2975, 2976, 2977, 2978, 2979, 2980, 2981, 2982, 2983, 2984, 2985, 2986, 2987, 2988, 2989, 2990, 2991, 2992, 2993, 2994, 2995, 2996, 2997, 2998, 2999, 3000, 3001, 3002, 3003, 3004, 3005, 3006, 3007, 3008, 3009, 3010, 3011, 3012, 3013, 3014, 3015, 3016, 3017, 3018, 3019, 3020, 3021, 3022, 3023, 3025, 3026, 3027, 3028, 3029, 3030, 3031, 3032, 3033, 3034, 3035, 3036, 3037, 3038, 3039, 3040, 3041, 3042, 3044, 3045, 3046, 3048, 3049, 3050, 3052, 3053, 3054, 3056, 3057, 3058, 3060, 3061, 3062, 3064, 3065, 3066, 3068, 3069, 3070, 3072, 3073, 3074, 3076, 3077, 3078, 3080, 3081, 3082, 3084, 3085, 3086, 3088, 3089, 3090, 3092, 3093, 3094, 3096, 3097, 3098, 3100, 3101, 3102, 3104, 3105, 3106, 3108, 3109, 3110, 3111, 3112, 3113, 3114, 3116, 3117, 3118, 3119, 3120, 3121, 3122, 3123, 3124, 3125, 3126, 3128, 3129, 3130, 3132, 3133, 3134, 3136, 3137, 3138, 3140, 3141, 3142, 3144, 3145, 3146, 3148, 3149, 3150, 3152, 3153, 3154, 3156, 3157, 3158, 3160, 3161, 3162, 3164, 3165, 3166, 3168, 3169, 3170, 3172, 3173, 3174, 3176, 3177, 3180, 3181, 3184, 3185, 3188, 3189, 3192, 3193, 3194, 3196, 3197, 3198, 3200, 3201, 3202, 3204, 3205, 3206, 3208, 3209, 3210, 3212, 3213, 3214, 3216, 3217, 3218, 3220, 3221, 3222, 3224, 3225, 3226, 3228, 3229, 3230, 3232, 3233, 3234, 3236, 3237, 3238, 3240, 3241, 3242, 3244, 3245, 3246, 3248, 3249, 3250, 3252, 3253, 3254, 3256, 3257, 3258, 3275, 5294, 5295, 5296
